airport01.b.txt 1 8 8 0.32995 3 93 0 - 8 0.001 0.339948 5116
airport02.b.txt 1 9 9 0.26096 2 56 0.02 - 9 0.001 0.273958 5088
airport04.b.txt 1 20 20 2.23366 3 141 0 - 20 0.003 2.26266 5648
airport05.b.txt 1 21 21 12.0172 3 189 0.09 - 21 0.005999 12.0742 6672
airport06.b.txt 1 41 41 226.88 7 437 0.04 - 41 0.033995 227.074 9708
airport07.b.txt 1 41 41 204.933 5 258 0.05 - 86 0.043993 205.138 8928
airport08.b.txt 1 62 62 464.502 10 428 0.01 - 277 0.26096 465.172 16604
airport09.b.txt 1 71 71 807.66 13 1281 0.05 - 1137 1.20182 809.431 24880
airport10.b.txt 1 18 18 3.68244 3 87 0 - 18 0.003999 3.72543 5920
airport11.b.txt 1 21 21 28.3067 4 537 0.01 - 21 0.007999 28.3907 7628
airport12.b.txt 1 39 39 280.428 5 249 0.03 - 39 0.038995 280.702 9860
airport13.b.txt 1 37 37 231.103 6 247 0.03 - 63 0.041994 231.354 10188
airport14.b.txt 1 60 60 497.395 8 538 0 - 64 0.138979 498.195 15924
airport15.b.txt 1 58 58 581.146 9 456 0.03 - 241 0.288956 582.016 18068
airport16.b.txt 1 79 79 1347.21 10 614 0 - 1365 2.34364 1350.87 27784
airport17.b.txt 1 88 87 1608.71 13 549 0.06 - 84710 223.214 1833.71 101940
airport18.b.txt 0 X X X 25 6253 0.65 - 0 7196.82 7199.79 160740
airport19.b.txt 0 X X X 27 1621 0.1 - 0 7198.04 7199.98 153592
airport20.b.txt 0 114 113 3491.15 17 674 0.1 - 682798 3705.3 7199.99 781708
airport21.b.txt 1 101 101 5224.45 5 1503 0.08 - 101 1.47978 5250.65 97884
