log-4-0.a.txt 1 20 20 3.2042 11 196 0.01 - 0 20 0 3.2082 4568
log-4-1.a.txt 1 19 19 5.47234 14 266 0.01 - 0 19 0 5.48034 4848
log-4-2.a.txt 1 15 15 2.11613 12 224 0.001 - 0 15 0.004 2.13213 4664
log-5-0.a.txt 1 27 27 16.737 18 315 0.007 - 0 27 0.004 16.749 5144
log-5-1.a.txt 1 17 17 4.56429 13 217 0.01 - 0 17 0 4.58029 4768
log-5-2.a.txt 1 8 8 4.10826 13 147 0.01 - 0 8 0 4.11626 4936
log-6-0.a.txt 1 25 25 16.465 18 266 0.006 - 0 25 0.004 16.477 5292
log-6-1.a.txt 1 14 14 3.1442 11 168 0.006 - 0 14 0 3.1602 4740
log-6-2.a.txt 1 25 25 25.4856 22 392 0.004 - 0 25 0.004 25.4976 5664
log-6-9.a.txt 1 24 24 19.6212 22 434 0.009 - 0 24 0 19.6332 5416
log-7-0.a.txt 1 36 35 90.9657 23 580 0.006 - 832 941 0.136008 91.1217 7824
log-7-1.a.txt 1 44 42 153.094 27 750 0.006 - 17258 17265 3.1642 156.282 24688
log-8-0.a.txt 1 31 30 79.329 23 510 0.006 - 832 845 0.136009 79.493 7816
log-8-1.a.txt 1 44 43 158.83 25 540 0.01 - 4160 5639 1.15607 160.022 13976
log-9-0.a.txt 1 36 35 127.276 25 630 0.006 - 1120 1137 0.208013 127.524 8916
log-9-1.a.txt 1 30 30 92.8058 24 610 0.009 - 0 30 0.012001 92.8538 7152
log-10-0.a.txt 1 45 43 480.882 31 1482 0.007 - 40288 49850 16.553 497.511 75768
log-10-1.a.txt 1 42 40 384.78 28 832 0.004 - 58720 58734 20.3853 405.241 87224
log-11-0.a.txt 1 48 46 354.022 27 767 0.007 - 55072 68083 23.1694 377.284 110612
log-11-1.a.txt 0 59 57 1215.37 34 1261 0.005 - 228864 626034 406.785 1622.25 1002796
log-12-0.a.txt 1 42 40 522.713 30 910 0.005 - 53552 56858 22.9454 545.762 100912
log-12-1.a.txt 0 66 65 2084.25 35 1014 0.005 - 106496 612804 607.246 2691.6 1002824
log-13-0.a.txt 0 X X X X X X X X 0 7210.03 7210.3 35460
log-13-1.a.txt 0 60 60 5019.37 36 2431 0.003 - 0 343174 326.636 5346.25 1010220
log-14-0.a.txt 0 X X X X X X X X 0 7201.99 7202.25 37904
log-14-1.a.txt 0 67 67 5736.19 35 2312 0.005 - 0 312220 324.672 6061.14 1003032
log-15-0.a.txt 0 X X X X X X X X 0 7207.55 7207.85 33816
log-15-1.a.txt 0 X X X X X X X X 0 7212.02 7212.34 38564
