pnt01.b.txt 1 5 5 5.32433 5 310 0 - 0 5 0 5.34033 5044
pnt02.b.txt 1 12 12 6.80843 9 19545 0 - 0 12 0 6.82843 5360
pnt03.b.txt 1 8 7 10.4007 6 790 0.008 - 10 85 0.004 10.4407 5576
pnt04.b.txt 1 11 9 16.465 10 19550 0 - 158 160 0.012001 16.521 6024
pnt05.b.txt 1 8 7 31.642 9 7045 0.004 - 9 27 0.004 31.722 8196
pnt06.b.txt 1 10 9 38.4824 12 19560 0.008 - 16 30 0.008001 38.5624 7380
pnt07.b.txt 1 8 8 85.7854 11 78925 0 - 0 8 0 85.9014 11124
pnt08.b.txt 1 10 10 193.92 15 285190 0.008 2250000 0 10 0.004 194.04 14216
pnt09.b.txt 1 13 13 215.685 13 238330 0.004 3062500 0 13 0.008001 215.889 14300
pnt10.b.txt 1 18 17 616.815 16 488340 0.008 5468750 457 458 0.100006 617.119 16164
pnt11.b.txt 1 20 10 379.14 13 2953958 0.008 2469600 9360 9362 0.816051 380.436 50368
pnt12.b.txt 1 24 13 564.351 15 5792850 0.008 2469600 40470 40472 3.54822 568.38 141532
pnt13.b.txt 1 16 11 599.189 10 4346766 0.008 2064384 862 865 0.096006 600.054 73060
pnt14.b.txt 1 30 19 1215.31 18 2288806 0 4064256 192184 192188 23.6975 1239.93 163592
pnt15.b.txt 1 26 15 1427.6 20 2905700 0.008 2576574 36387 36389 5.22433 1433.73 108536
pnt16.b.txt 0 36 15 1631.59 28 6715665 0.008 2093663 2477093 3375262 571.184 2203.67 1574100
pnt17.b.txt 1 22 10 2193.68 17 5517861 0.008 3006756 766164 766167 237.279 2433.23 605152
pnt18.b.txt 0 25 12 4789.12 19 6687051 0 2829888 1761666 2293153 1065.32 5856.72 1573068
pnt19.b.txt 0 23 10 2216.78 15 3249480 0.008 2377892 1551309 2057165 938.371 3158.76 1573368
pnt20.b.txt 0 X X X X X X X X 0 7196.14 7199.73 823120
pnt21.b.txt 1 14 10 3803.31 12 6775968 0 2099520 169 174 0.036002 3804.65 65536
pnt22.b.txt 1 30 17 3074.9 16 3005466 0.008 5248800 318845 318921 63.568 3139.79 249096
pnt23.b.txt 1 18 13 4660.32 13 1507999 0.004 3477513 12517 13038 5.48834 4668.45 69780
pnt24.b.txt 0 X X X 17 4095344 0 2476099 X 0 7197.04 7199.71 119336
pnt25.b.txt 0 28 20 4325.53 13 1475315 0 2370816 1711528 1724883 1222.78 5552.9 1573600

settings:
OPTS="-rm -ac -ipdb-param 1 0.01 5 50 -pdb-total-size 20000000 -pdb-size 2000000 -pdb-span-search-limit 1000000 -no-find -verify -bfs -v 2 -y 1572864 -t 7200 $SEED1"
invariants by downwards translate.
