pwt01.c.txt 1 5 5 10.5527 6 162 0.008 - 0 5 0 10.5927 5352
pwt02.c.txt 1 12 12 20.4373 12 39547 0 - 0 12 0.004001 20.4813 8292
pwt03.c.txt 1 8 7 98.9182 9 4782 0 - 15 300 0.080005 99.2782 10768
pwt04.c.txt 1 11 9 244.307 15 476856 0 819200 791 800 0.208013 244.807 23228
pwt05.c.txt 1 8 7 161.938 12 13235 0 - 13 64 0.020001 162.326 10824
pwt06.c.txt 1 10 9 409.174 16 426527 0.004 512000 27 92 0.032002 409.578 27316
pwt07.c.txt 1 8 8 3435.19 13 254944 0 921600 0 8 0.028001 3436.67 27480
pwt08.c.txt 1 11 10 6643.92 18 991378 0.004 768000 2643 2645 3.82824 6649.22 49860
pwt09.c.txt 0 X X X X X X X X 0 7197.17 7199.29 28996
pwt10.c.txt 0 X X X X X X X X 0 7197.39 7199.49 23288
pwt11.c.txt 1 22 12 771.204 11 884190 0.008 548800 69689 69692 22.3294 795.346 66364
pwt12.c.txt 1 24 12 2734.04 13 1045722 0.004 548800 1838745 1838991 1531.56 4268.71 1085672
pwt13.c.txt 1 16 10 3814.06 10 562068 0.008 516096 10260 10511 12.8888 3832.55 36980
pwt14.c.txt 0 26 12 2388.98 13 821071 0 516096 1470125 3165610 2030.21 4422.86 1573748
pwt15.c.txt 0 X X X X X X X X 0 7195.68 7199.32 89880
pwt21.c.txt 0 X X X X X X X X 0 7192.77 7199.65 40440
pwt31.c.txt 1 39 12 4867.42 18 2798023 0.008 738720 776658 776673 366.243 5237.58 274652

settings:
OPTS="-rm -ac -ipdb-param 1 0.01 5 50 -pdb-total-size 20000000 -pdb-size 500000 -pdb-span-search-limit 1000000 -no-find -verify -bfs -v 2 -y 1572864 -t 7200 $SEED1"
invariants by downward translate.
