tpp01.a.txt 1 5 3 0.004 X X X X 4 5 0 0.008 4356
tpp02.a.txt 1 8 7 0.336021 9 64 0.01 - 2 8 0 0.336021 4476
tpp03.a.txt 1 11 10 0.528033 11 74 0.007 - 4 11 0 0.528033 4572
tpp04.a.txt 1 14 13 1.73611 16 112 0.003 - 10 18 0.004 1.74811 4840
tpp05.a.txt 1 19 11 3.10019 11 89 0 - 4729 6790 0.332021 3.44421 7176
tpp06.a.txt 1 25 17 11.9647 12 128 0 - 875552 1288743 161.654 173.667 533776
tpp07.a.txt 0 28 21 24.6655 14 143 0 - 1605767 3332050 516.508 541.25 1573920
tpp08.a.txt 0 30 24 41.7186 16 158 0 - 2108704 3070000 523.757 565.579 1574932
tpp09.a.txt 0 29 22 77.1688 17 585 0 - 638100 1725745 626.407 703.776 1576100
tpp10.a.txt 0 31 24 104.871 18 588 0 - 1030836 1538196 640.452 745.575 1575136
